36415
99000
81000
86580
99401
76813
90472
90471
90656
90715
58300
81025
J7300
86703
86701
93005
S9470
57456
J7302
90658
97803
98926
97001
97110
97010
97014
90801
90746
97112
97140
97530
97012
58100
95886
95910
83036
87880
J3420
90661
36416
92083
76817
58301
57455
97802
99211
G0270
J0696
90772
90470
90663
90732
Pneumococcal
94640
05551
90703
99173
J2790
96372
90660
90707
90734
03043
76830
J1055
59430
L2114
88142
57410
90636
76811
99404
82962
87088
G8553
L3907
97760
97762
85018
00001
81002
76815
G0271
92551
97035
95885
95909
98925
11100
20550
97003
L3906
3045F
92014
76857
11101
97026
90862
L4386
57454
95117
95004
J3301
J1050
20552
J2001
J1030
82950
97804
90649
80061
97116
45300
56420
90686
97537
98927
10160
80152
96040
G0108
S0316
L3914
97535
0503F
57452
J7298
S9452
G0008
69210
65210
76825
93325
76827
87070
92557
92550
94060
S0612
97124
00003
J7307
11981
05262
90911
J1200
97032
90473
90632
90718
Td (adult)
51725
90804
15851
A4250
82947
A4614
90710
57505
3046F
10060
17110
97602
29105
L3760
L3901
1036F
G8510
02337
90716
90468
09930
97004
76814
3044F
11042
11721
97002
0001F
56405
81007
L3260
85610
J7301
90733
88164
82270
97761
11000
L8239
51701
L4360
C1177
99412
90651
67805
11900
96125
92507
90633
29705
L3954
92585
31575
92012
16020
12001
90672
82951
59000
93270
57500
99024
E0740
87086
51741
51785
51729
51797
G8979
G8978
11305
11976
69200
11720
97597
L3927
L3933
87081
29515
90744
87270
87621
90465
90657
11975
11730
90713
90782
S4993
J0561
51772
51726
97018
90832
83655
Q4051
L3908
90655
92081
11200
11201
G8845
99499
51784
81001
51728
57100
90792
H1004
29125
J0570
58353
90806
L4361
46050
95024
58110
J1885
11982
01621
L4002
57061
83896
90474
76828
76826
11977
G8985
G8984
57460
90460
92225
11755
29405
98928
92015
92082
20605
76816
76946
87252
01158
87320
99402
A9276
99244
J0580
92004
J9217
96402
82948
G0109
L4350
92610
L3808
29131
90700
A4570
L3928
93283
90846
00004
20610
67840
29580
19330
A6456
G0010
L3806
J1020
90773
56501
81005
96110
76802
76805
76818
76819
02565
11901
97810
97811
97813
97814
90648
01369
57800
95908
56605
92611
92526
90834
90675
01060
10003
95992
95861
10021
15850
11420
G8770
92506
90384
90721
82489
98929
92504
99407
90654
Influenza
05176
G8783
S9439
00100
99214
99215
84156
87110
83518
20526
65205
92563
S8262
20551
92568
92567
T1013
11400
29700
0501F
03080
0545F
59409
L3809
88275
08001
56440
92540
87046
03029
94010
S0610
01151
05240
J2000
Q0091
87430
06843
78799
92060
92065
00006
G0444
97532
92524
D7520
G8807
99411
G9534
57170
59400
99999
20600
93000
00009
90467
93280
90714
80176
11980
90645
99195
H1005
11765
82272
83891
J2794
E0445
97598
4120F
95867
11750
S9460
76970
29550
90702
27786
76801
01273
4037F
20000
87250
87624
G0375
L1825
03491
92522
10030
D7412
90466
00005
00015
J1440
13100
10004
87071
95911
L3925
90748
82570
J1815
90461
99403
46600
1005F
57105
J0560
G8777
G0001
29075
59871
57180
L3913
99441
81003
J1725
29540
93303
93320
10007
90688
A6260
J1950
4004F
G0306
G8982
G8981
51703
02025
A5112
