#AgeInMonths,f95-BMI,m95-BMI
#source: https://www.cdc.gov/growthcharts/percentile_data_files.htm
#"Age is listed at the half month point for the entire month; for example, 1.5 months represents 1.0-1.99 months or 1.0 month up to but not including 2.0 months of age."
#24,19.10624,19.33801
24.5,19.05824,19.2789
25.5,18.96595,19.16466
26.5,18.87853,19.05567
27.5,18.79591,18.95187
28.5,18.718,18.85317
29.5,18.64472,18.75949
30.5,18.57599,18.67078
31.5,18.51173,18.58695
32.5,18.45187,18.50792
33.5,18.39632,18.43363
34.5,18.345,18.364
35.5,18.29784,18.29895
36.5,18.25475,18.23842
37.5,18.21567,18.18231
38.5,18.18051,18.13057
39.5,18.14919,18.08311
40.5,18.12165,18.03986
41.5,18.09781,18.00074
42.5,18.07759,17.96568
43.5,18.06093,17.93459
44.5,18.04775,17.90741
45.5,18.03799,17.88405
46.5,18.03158,17.86444
47.5,18.02844,17.8485
48.5,18.02851,17.83614
49.5,18.03174,17.8273
50.5,18.03805,17.82189
51.5,18.04738,17.81983
52.5,18.05967,17.82104
53.5,18.07486,17.82544
54.5,18.09289,17.83295
55.5,18.1137,17.84349
56.5,18.13722,17.85699
57.5,18.16341,17.87335
58.5,18.19221,17.89252
59.5,18.22355,17.9144
60.5,18.25738,17.93893
61.5,18.29365,17.96602
62.5,18.3323,17.99562
63.5,18.37327,18.02764
64.5,18.41651,18.06201
65.5,18.46197,18.09868
66.5,18.50959,18.13758
67.5,18.55932,18.17863
68.5,18.61111,18.22179
69.5,18.6649,18.26698
70.5,18.72064,18.31416
71.5,18.77829,18.36325
72.5,18.83778,18.41421
73.5,18.89907,18.46699
74.5,18.96211,18.52152
75.5,19.02685,18.57775
76.5,19.09324,18.63564
77.5,19.16123,18.69513
78.5,19.23077,18.75617
79.5,19.30182,18.81872
80.5,19.37432,18.88272
81.5,19.44822,18.94814
82.5,19.52349,19.01491
83.5,19.60008,19.083
84.5,19.67794,19.15236
85.5,19.75702,19.22295
86.5,19.83728,19.29471
87.5,19.91867,19.36761
88.5,20.00116,19.44161
89.5,20.08469,19.51666
90.5,20.16923,19.59272
91.5,20.25473,19.66974
92.5,20.34116,19.74769
93.5,20.42846,19.82652
94.5,20.51661,19.9062
95.5,20.60555,19.98668
96.5,20.69525,20.06793
97.5,20.78568,20.1499
98.5,20.87678,20.23256
99.5,20.96853,20.31587
100.5,21.06089,20.39979
101.5,21.15381,20.48429
102.5,21.24727,20.56933
103.5,21.34123,20.65487
104.5,21.43565,20.74089
105.5,21.53049,20.82733
106.5,21.62573,20.91417
107.5,21.72133,21.00138
108.5,21.81725,21.08893
109.5,21.91347,21.17677
110.5,22.00996,21.26488
111.5,22.10667,21.35323
112.5,22.20358,21.44178
113.5,22.30066,21.53051
114.5,22.39789,21.61938
115.5,22.49522,21.70837
116.5,22.59264,21.79745
117.5,22.69011,21.88659
118.5,22.78761,21.97576
119.5,22.88511,22.06494
120.5,22.98258,22.15409
121.5,23.08,22.2432
122.5,23.17734,22.33224
123.5,23.27458,22.42118
124.5,23.3717,22.51
125.5,23.46867,22.59868
126.5,23.56546,22.68719
127.5,23.66206,22.77551
128.5,23.75845,22.86363
129.5,23.8546,22.95151
130.5,23.95049,23.03915
131.5,24.0461,23.12651
132.5,24.14141,23.21358
133.5,24.23641,23.30035
134.5,24.33108,23.38679
135.5,24.42539,23.47289
136.5,24.51933,23.55863
137.5,24.61288,23.644
138.5,24.70603,23.72897
139.5,24.79876,23.81354
140.5,24.89106,23.89769
141.5,24.98291,23.98141
142.5,25.0743,24.06469
143.5,25.16522,24.1475
144.5,25.25564,24.22985
145.5,25.34557,24.31172
146.5,25.43498,24.3931
147.5,25.52387,24.47397
148.5,25.61223,24.55434
149.5,25.70005,24.6342
150.5,25.78731,24.71352
151.5,25.87401,24.79232
152.5,25.96013,24.87058
153.5,26.04568,24.94829
154.5,26.13065,25.02545
155.5,26.21502,25.10206
156.5,26.2988,25.17811
157.5,26.38197,25.2536
158.5,26.46453,25.32853
159.5,26.54648,25.40289
160.5,26.62782,25.47668
161.5,26.70853,25.5499
162.5,26.78862,25.62256
163.5,26.86808,25.69464
164.5,26.94692,25.76616
165.5,27.02513,25.83712
166.5,27.1027,25.90751
167.5,27.17965,25.97734
168.5,27.25597,26.04662
169.5,27.33167,26.11535
170.5,27.40673,26.18353
171.5,27.48118,26.25117
172.5,27.555,26.31828
173.5,27.6282,26.38485
174.5,27.70079,26.45091
175.5,27.77277,26.51646
176.5,27.84414,26.58151
177.5,27.91491,26.64606
178.5,27.98509,26.71014
179.5,28.05468,26.77374
180.5,28.12369,26.83688
181.5,28.19213,26.89958
182.5,28.26,26.96184
183.5,28.32732,27.02368
184.5,28.39408,27.08511
185.5,28.46031,27.14616
186.5,28.52602,27.20683
187.5,28.5912,27.26714
188.5,28.65588,27.3271
189.5,28.72007,27.38675
190.5,28.78378,27.44609
191.5,28.84702,27.50514
192.5,28.90981,27.56393
193.5,28.97215,27.62247
194.5,29.03407,27.68078
195.5,29.09558,27.7389
196.5,29.1567,27.79683
197.5,29.21743,27.85461
198.5,29.27781,27.91225
199.5,29.33784,27.96979
200.5,29.39755,28.02724
201.5,29.45695,28.08464
202.5,29.51606,28.142
203.5,29.57491,28.19937
204.5,29.6335,28.25676
205.5,29.69187,28.3142
206.5,29.75004,28.37173
207.5,29.80802,28.42937
208.5,29.86584,28.48716
209.5,29.92352,28.54513
210.5,29.98109,28.6033
211.5,30.03857,28.66171
212.5,30.09599,28.72041
213.5,30.15337,28.77941
214.5,30.21074,28.83875
215.5,30.26812,28.89848
216.5,30.32554,28.95862
217.5,30.38304,29.01921
218.5,30.44063,29.0803
219.5,30.49835,29.14191
220.5,30.55623,29.20409
221.5,30.6143,29.26687
222.5,30.6726,29.3303
223.5,30.73114,29.39442
224.5,30.78997,29.45926
225.5,30.84911,29.52487
226.5,30.90861,29.5913
227.5,30.96849,29.65857
228.5,31.0288,29.72674
229.5,31.08956,29.79585
230.5,31.15082,29.86595
231.5,31.21261,29.93707
232.5,31.27496,30.00927
233.5,31.33793,30.08258
234.5,31.40154,30.15706
235.5,31.46583,30.23276
236.5,31.53085,30.30971
237.5,31.59664,30.38797
238.5,31.66324,30.46758
239.5,31.73069,30.54859
240,31.76474,30.58964
240.5,31.79903,30.63106