#Source https://www.cdc.gov/nchs/data/series/sr_11/sr11_246.pdf
#gender,agelow,agehigh,MeanSt,Dev3rd,5th,10th,25th,50th,75th,85th,90th,95th,97th
0,2,2.49,16.54,1.29,14.48,14.73,15.08,15.56,16.38,17.26,17.79,18.15,18.85,19.37
0,2.5,2.99,16.17,1.20,13.98,14.32,14.64,15.37,16.16,16.96,17.37,17.67,18.28,18.57
0,3.0,3.49,16.04,1.24,13.80,14.13,14.60,15.21,15.88,16.90,17.29,17.71,18.31,18.60
0,3.5,3.99,15.92,1.39,13.90,14.18,14.42,15.05,15.82,16.50,17.06,17.36,18.12,18.70
0,4.0,4.49,15.86,1.39,13.72,13.94,14.28,15.03,15.75,16.55,17.06,17.43,17.92,18.67
0,4.5,4.99,15.73,1.34,13.57,13.92,14.29,14.92,15.65,16.42,16.84,17.09,17.82,18.11
0,5.0,5.49,15.79,1.60,13.66,13.85,14.29,14.81,15.62,16.36,16.87,17.36,18.08,20.27
0,5.5,5.99,15.72,1.65,13.64,13.82,14.11,14.72,15.48,16.38,17.06,17.41,18.53,19.15
0,6.0,6.49,15.61,1.61,13.41,13.72,14.18,14.72,15.37,16.24,16.81,17.18,18.12,18.99
0,6.5,6.99,15.90,1.95,13.43,13.73,14.05,14.59,15.49,16.72,17.49,18.07,19.09,20.40
0,7.0,7.49,15.80,1.72,13.06,13.43,13.98,14.73,15.62,16.48,17.17,17.67,18.79,19.45
0,7.5,7.99,16.00,1.74,13.65,13.90,14.19,14.97,15.60,16.68,17.39,18.04,19.62,20.03
0,8.0,8.49,16.06,1.98,13.25,13.57,14.19,14.81,15.68,16.74,17.71,18.28,19.71,20.85
0,8.5,8.99,16.42,2.24,13.62,14.10,14.48,15.13,16.06,17.10,18.02,18.96,19.68,20.57
0,9.0,9.49,16.84,2.62,13.74,14.00,14.29,14.99,16.13,17.71,19.64,20.40,22.29,23.09
0,9.5,9.99,17.03,2.77,13.63,13.98,14.59,15.37,16.35,17.87,19.29,19.94,21.78,23.84
0,10.0,10.49,17.20,2.37,14.19,14.54,14.87,15.59,16.70,18.28,19.36,20.08,22.03,23.15
0,10.5,10.99,17.76,2.88,14.39,14.59,14.96,15.78,17.17,18.81,19.95,21.16,24.16,25.96
0,11.0,11.49,17.98,2.91,14.40,14.77,15.27,16.10,17.31,18.97,20.87,21.69,23.05,24.99
0,11.5,11.99,18.39,3.76,14.31,14.72,15.10,16.07,17.26,19.80,21.61,23.67,26.04,27.12
0,12.0,12.49,18.48,2.95,14.67,15.03,15.63,16.57,17.74,19.61,21.02,22.28,24.20,26.90
0,12.5,12.99,18.70,3.05,14.83,15.22,15.88,16.80,17.96,19.95,21.19,22.41,24.96,25.80
0,13.0,13.49,19.11,3.14,15.28,15.54,16.09,17.02,18.32,20.56,21.85,22.81,25.12,27.79
0,13.5,13.99,19.89,3.73,15.42,16.02,16.57,17.63,18.97,21.02,23.45,24.80,26.66,27.32
0,14.0,14.49,19.87,3.09,15.69,16.14,16.79,17.85,19.27,21.04,22.68,23.69,25.29,26.36
0,14.5,14.99,20.51,3.35,16.20,16.53,17.18,18.24,19.78,21.87,23.64,24.92,27.38,28.07
0,15.0,15.49,20.50,3.12,16.29,16.58,17.35,18.52,19.81,21.77,23.51,24.14,25.69,27.75
0,15.5,15.99,21.01,3.24,16.48,16.80,17.73,19.11,20.47,22.29,23.54,24.81,27.08,29.21
0,16.0,16.49,21.48,3.25,17.37,17.59,18.37,19.48,20.83,22.45,23.88,25.93,27.93,30.23
0,16.5,16.99,21.97,3.28,17.31,17.76,18.42,19.57,21.69,23.47,24.82,25.72,27.59,29.00
0,17.0,17.49,21.84,3.46,16.96,17.80,18.37,19.54,21.02,23.44,24.86,26.29,28.83,29.63
0,17.5,17.99,21.96,3.36,17.50,18.03,18.66,19.70,21.27,23.56,25.11,26.17,28.06,30.27
0,18.0,18.49,23.22,4.12,17.79,18.11,18.86,20.39,22.45,24.56,26.57,28.41,31.43,33.16
0,18.5,18.99,22.89,3.53,17.52,18.69,19.06,20.64,22.36,24.38,26.20,27.69,28.70,30.40
0,19.0,19.49,23.31,3.28,18.99,19.17,19.72,21.06,22.95,24.68,26.16,28.06,30.79,31.44
0,19.5,19.99,23.16,3.85,18.02,18.04,19.18,20.99,22.53,24.27,26.80,28.99,30.73,32.14
1,2,2.49,16.26,1.51,14.15,14.32,14.66,15.34,16.09,17.05,17.60,18.04,18.61,19.13
1,2.5,2.99,16.09,1.41,13.81,14.13,14.48,15.18,15.99,16.79,17.31,17.69,18.25,18.69
1,3.0,3.49,15.92,1.55,13.62,13.80,14.27,14.99,15.76,16.57,17.33,17.64,18.42,18.83
1,3.5,3.99,15.63,1.41,13.49,13.58,13.88,14.66,15.55,16.44,16.88,17.27,17.84,18.52
1,4.0,4.49,15.72,1.54,13.51,13.71,14.10,14.75,15.52,16.39,16.98,17.49,18.53,18.91
1,4.5,4.99,15.63,2.05,13.34,13.67,13.92,14.48,15.35,16.20,16.75,17.23,18.27,19.08
1,5.0,5.49,15.64,1.81,13.24,13.47,13.80,14.45,15.33,16.46,17.08,17.72,19.36,19.73
1,5.5,5.99,15.78,2.02,13.18,13.46,13.77,14.52,15.27,16.56,17.54,18.77,19.98,20.31
1,6.0,6.49,15.48,1.70,13.07,13.46,13.90,14.34,15.22,16.23,16.88,17.28,18.34,19.32
1,6.5,6.99,15.49,1.78,13.17,13.36,13.63,14.29,15.13,16.24,17.16,17.71,18.74,19.66
1,7.0,7.49,15.70,1.80,13.00,13.56,13.87,14.51,15.37,16.52,17.18,17.81,19.22,19.95
1,7.5,7.99,15.89,2.06,13.28,13.64,13.84,14.60,15.39,16.72,17.80,18.51,19.66,21.44
1,8.0,8.49,16.19,2.07,13.40,13.61,14.06,14.78,15.71,17.31,18.30,18.90,19.90,21.61
1,8.5,8.99,16.56,2.68,13.47,13.76,14.22,14.91,15.83,17.48,18.63,19.71,21.54,23.10
1,9.0,9.49,17.02,2.66,13.79,14.09,14.46,15.19,16.33,18.13,19.04,20.10,22.88,24.25
1,9.5,9.99,17.41,3.05,13.71,13.96,14.70,15.58,16.53,18.31,20.18,21.26,23.29,25.54
1,10.0,10.49,17.31,2.87,13.50,13.80,14.27,15.41,16.66,18.51,19.93,20.99,23.18,23.78
1,10.5,10.99,17.56,2.81,13.89,14.09,14.74,15.72,17.03,18.61,20.04,21.78,23.35,24.03
1,11.0,11.49,18.35,3.24,13.94,14.45,14.91,16.16,17.87,20.00,21.38,22.43,24.71,26.99
1,11.5,11.99,18.80,3.59,13.86,14.39,15.20,16.23,18.36,20.34,22.01,23.08,25.76,27.53
1,12.0,12.49,18.99,3.28,14.62,14.77,15.49,16.60,18.41,20.75,22.00,22.74,25.10,27.12
1,12.5,12.99,19.63,3.59,14.95,15.19,15.81,17.24,18.77,21.28,23.58,24.70,26.59,28.01
1,13.0,13.49,19.96,3.80,15.07,15.42,16.13,17.47,18.96,21.55,23.37,24.39,28.47,30.26
1,13.5,13.99,20.37,3.95,14.80,15.60,16.32,17.77,19.62,21.96,23.71,24.76,27.83,30.03
1,14.0,14.49,20.75,3.95,16.05,16.39,16.75,18.04,19.77,22.37,24.62,25.76,29.13,32.17
1,14.5,14.99,21.17,3.68,16.27,16.68,17.48,18.51,20.47,22.83,24.52,25.89,27.69,29.43
1,15.0,15.49,20.90,3.63,16.53,16.77,17.37,18.51,20.03,22.29,24.01,25.57,28.54,29.85
1,15.5,15.99,21.19,3.55,16.75,17.19,17.59,19.06,20.43,22.47,23.86,25.02,27.14,30.18
1,16.0,16.49,21.66,3.87,16.97,17.71,18.22,19.10,20.62,22.83,25.70,26.46,29.68,31.77
1,16.5,16.99,21.91,3.97,17.17,17.65,18.17,19.31,21.05,23.39,25.22,26.50,29.33,32.19
1,17.0,17.49,21.98,4.51,16.77,17.11,17.61,19.20,21.08,23.59,25.15,26.88,30.27,32.29
1,17.5,17.99,22.53,4.31,17.41,17.92,18.71,19.89,21.71,23.90,25.41,26.80,30.27,33.63
1,18.0,18.49,21.94,4.16,16.44,16.59,18.36,19.55,20.99,23.28,24.45,26.22,32.55,34.02
1,18.5,18.99,21.80,3.28,16.70,17.58,18.21,19.28,21.60,23.66,24.32,26.00,28.88,28.88
1,19.0,19.49,22.03,4.14,16.79,17.71,18.08,19.03,21.46,23.66,25.65,27.22,28.98,31.46
1,19.5,19.99,23.03,4.72,18.29,18.67,19.19,20.31,21.69,24.13,25.99,29.34,32.51,33.89
