12003
07018
19150
11230
11245
11223
11305
11211214
10012
11201
10002
8854
11216
11366
10209
10280
11221
10466
10028
10013
11210
10065
10116
08872
07002
11001
10204
11377
112218
11239
NY
00719
11835
07302
07748
12226
11236
11224
11418
11693
07204
11314
11213
10460
11358
10001
11706
11419
10030
11454
11701
08861
11234
07094
21224
11759
10016
07305
11227
10472
10023
11563
19604
11364
11378
11207
10456
10401
10583
36330
11372
83704
10474
07093
10302
11212
08844
11510
08620
10553
10036
11950
11435
11369
02124
10037
10465
06854
11697
11413
11104
11106
11251
11204
11368
10025
11355
11411
10309
11235
11367
11577
11572
11226
11123
11040
10462
91040
10463
10045
07022
10035
10310
07304
11602
11581
11211
BKL YN
10040
11791
20855
11365
10467
07202
11743
10315
10019
11422
07203
12484
11570
08501
11238
07032
07722
10306
7026
07701
10452
11046
10473
11423
43123
34221
10667
11354
11932
7107
11206
10005
11229
10940
11225
10011
18301
10307
10044
07205
08610
11252
90021
13501
11421
10451
10205
11694
11553
22066
11432
11323
30504
28532
07104
07306
11103
10530
10913
11222
07621
07105
13204
10003
07055
11550
11520
7206
11219
10468
10301
11101
10304
11361
11590
34758
23238
10313
11128
11200
11220
03833
10458
08401
11580
11231
10374
11268
11023
11414
0NULL
10039
07981
11373
7601
11420
10312
10801
11203
10517
11379
11301
10459
11356
77056
07080
11214
11370
19044
08069
11415
11417
11426
10032
11024
10453
08886
10950
18210
11430
11798
11233
10308
11237
10455
11552
11273
11202
11427
07307
11205
11249
11428
07111
11215
08096
11516
11250
10010
10705
07036
08879
10469
10316
11232
11436
11209
11228
11218
08854
11385
10461
07017
10034
11102
08859
10470
11208
11433
11374
18466
07024
11412
10031
11003
11425
11260
12214
11105
07604
18702
07747
10305
11691
48103
11787
10027
10024
10029
10314
10475
10009
10370
11256
11501
10454
10128
10033
12401
10562
07206
11416
11434
07010
10038
19149
11050
10303
79936
11217
11742
10026
11026
11692
10018
10457
07712
32763
