,K,AUC_Train_Classification,AUC_Test_Classification,AUC_Train_Regression,AUC_Test_Regression,ACC_Train_Classification,ACC_Test_Classification,MCC_Train_Classification,MCC_Test_Classification,F1_Train_Classification,F1_Test_Classification
0,2,0.9969846631586148,0.6465412794913508,0.9782219809985506,0.7154881818383909,0.9867998417721512,0.7726014760147599,0.9542502596785529,0.1962964608146819,0.9621790339508489,0.33262333093609014
1,3,0.9953639889399045,0.6662885634074517,0.9678667393056389,0.7278266973424148,0.982693829113924,0.778388683886839,0.9396243687782017,0.20296853707078452,0.9495663361567104,0.3344511764425574
2,4,0.9940808605331098,0.6784128957441723,0.9593505150830696,0.73658015477668,0.9767550105485238,0.7820418204182041,0.9184464183514617,0.20410615844346114,0.9309513660878106,0.3319687601550363
3,5,0.9921862033618513,0.6870070497897597,0.9509775942569548,0.7430116945631905,0.961926424050633,0.793068880688807,0.8647348616466042,0.21836478273864038,0.8817141402544992,0.33517288305268783
4,6,0.9901831743994803,0.6938387544332126,0.9434785837271359,0.7480572241152146,0.9467128164556972,0.8021771217712178,0.8079972871213353,0.23028825697794553,0.8262171469724399,0.3360965530667558
5,7,0.987905967570937,0.7000764964496945,0.9365540085560486,0.7523056093277332,0.9359058544303802,0.8079551045510455,0.7665459827370619,0.23677590418997263,0.7829754222231796,0.3338934834428886
6,8,0.9852406111808141,0.7058863895495335,0.9303684050877782,0.7558588182328765,0.9248786919831226,0.8146832718327183,0.7227807712721624,0.2468835250327976,0.7361210587340024,0.332837877976685
7,9,0.9823351692830701,0.7113023706280294,0.9246106507935948,0.7588742591975104,0.9190981012658221,0.8189944649446494,0.6991960134973596,0.2551930048775649,0.7102725994214224,0.33337256914659535
8,10,0.9793533228132061,0.7161851252573821,0.9194088201629269,0.7614465469227515,0.9112223101265823,0.8226845018450188,0.666177482956159,0.26173670845705105,0.6736544986006399,0.33204117259075117
9,11,0.9763045115068174,0.720272322424922,0.9145770947832108,0.7636381625390938,0.9075817510548518,0.8249446494464945,0.6506212032446804,0.2656282898818091,0.6557001224733382,0.33044121261834675
10,12,0.9732797077824528,0.7243863723385427,0.9101674981197254,0.7656984998016277,0.9017761075949373,0.8265744157441577,0.625158364792259,0.26813447484995095,0.6268956661508269,0.3283928555219504
11,13,0.9702243835474671,0.7279863570740603,0.906041579684239,0.7674444387550662,0.8993301687763713,0.8280289052890533,0.6142252486880256,0.2706017881897967,0.6141666346305502,0.32643737749742036
12,14,0.967172373702106,0.7310956673546428,0.9022181627336612,0.7689137120308253,0.8949604430379746,0.8296432964329641,0.5942630425908947,0.27456835059529533,0.5917094503622257,0.32612129008342305
13,15,0.9641765527638338,0.7340395351066058,0.8986355562922255,0.7702003331674949,0.8928573312236288,0.8305504305043051,0.5845496080316831,0.2754716926801602,0.5802196003337459,0.32350592483965857
