,K,AUC_Train_Classification,AUC_Test_Classification,AUC_Train_Regression,AUC_Test_Regression,ACC_Train_Classification,ACC_Test_Classification,MCC_Train_Classification,MCC_Test_Classification,F1_Train_Classification,F1_Test_Classification
0,2,0.9869478144046141,0.6362845910730759,0.9581022602562015,0.7108898013055479,0.9653823839662451,0.7707349323493234,0.8803041332377762,0.182950637188384,0.9012627619650179,0.3197874303810605
1,3,0.9807612362185418,0.6571435695994617,0.9452716957516134,0.7251335119342754,0.9647020042194093,0.7773154981549811,0.8757998303571943,0.1882701199664413,0.8961902457034051,0.31916056831621237
2,4,0.9769255790452389,0.6711428071982135,0.9365412474495778,0.7348282363917755,0.9568723628691983,0.786082410824108,0.846436630604894,0.20082237143838008,0.869400236995822,0.32355874983327326
3,5,0.9732719609243874,0.682127222335974,0.9281607484787092,0.7413649700813838,0.9356698312236295,0.8017435424354246,0.7649949738623253,0.22168942798555322,0.789811942911588,0.32608053416247423
4,6,0.9696154121977494,0.691039751086664,0.9207030012274019,0.7464128937714998,0.9273154008438814,0.8069526445264456,0.7317651629935011,0.22787232520619194,0.7545800189381068,0.32429962048280225
5,7,0.9659296901799382,0.6985117283324231,0.9142094115559325,0.7508063503682716,0.9165229430379747,0.8146924969249695,0.6875538817439074,0.24190871972291678,0.7071151177270805,0.3259634461245055
6,8,0.9616578940985826,0.7039953588426154,0.9081298927398578,0.7539904124000691,0.9079799578059076,0.8192681426814273,0.6512891021144224,0.24910755099461693,0.667960635343877,0.32385006305280933
7,9,0.9581464824453945,0.7088672983800092,0.9027309896917062,0.7564691333041753,0.9015822784810134,0.8228198031980323,0.6233392632901631,0.2553660277289305,0.635833712276387,0.32185650764471574
8,10,0.954480542366897,0.7132071937781538,0.8977387727033743,0.7589089156127222,0.8955841244725741,0.8259409594095943,0.5962649864854732,0.2614298804343824,0.6054409797289148,0.3200494264013334
9,11,0.9510026543343916,0.7173044871500305,0.8932482073138128,0.7610540719909993,0.8917813818565407,0.8276322263222637,0.5787444094931634,0.26361508830812197,0.5840374001624314,0.3166178089080037
10,12,0.94774798970515,0.7209187715409989,0.8891943925014095,0.7628056170161852,0.8876925105485236,0.8297017220172203,0.5593758947835658,0.2678242818374933,0.5622866286104636,0.31436114730493747
11,13,0.9446364346964732,0.7242742044127077,0.8854433463458307,0.7644022164198127,0.8852478902953592,0.8309102091020911,0.5476508528783626,0.26983035978209835,0.5472070070507015,0.3117246908540972
12,14,0.9415803870329621,0.7273640079555729,0.8819159129122519,0.7657724684904619,0.8821756329113921,0.832026445264453,0.5325657397014337,0.2712252516734036,0.5300937771101969,0.3080750520306882
13,15,0.9387195917146485,0.7303014496239387,0.87868991622063,0.767036510652308,0.8802215189873428,0.8328167281672815,0.5228302785184662,0.27260003059459464,0.51775373196645,0.3059626590121496
