,K,AUC_Train_Classification,AUC_Test_Classification,AUC_Train_Regression,AUC_Test_Regression,ACC_Train_Classification,ACC_Test_Classification,MCC_Train_Classification,MCC_Test_Classification,F1_Train_Classification,F1_Test_Classification
0,2,0.9949043010021564,0.6318124038541005,0.969252745547074,0.7105158110491445,0.9766679852320675,0.7682995079950795,0.9190258648272176,0.18063693719041676,0.9330652056101534,0.319450973379544
1,3,0.9907610833109437,0.652112950683916,0.9556129620359626,0.7236818714320754,0.9714675632911391,0.7750738007380068,0.8996020643830065,0.18272823485497303,0.9154457480230161,0.31526000015224265
2,4,0.9877320615548121,0.6667121533092923,0.9446653806450439,0.7335029554611832,0.9601173523206755,0.783929889298892,0.8579956969270535,0.19365679768024888,0.8776124979711412,0.31785327887114934
3,5,0.9843228985038004,0.6768750479726913,0.9353647240476032,0.7404580595235324,0.9387961497890294,0.7997263222632226,0.7772450172578981,0.2152723312182937,0.7987584406730189,0.321375553389971
4,6,0.9805745177447135,0.6854007629536687,0.9270383017421032,0.7456418764399801,0.928835706751055,0.8061931119311195,0.7380745819130425,0.2268642131798472,0.757341921080183,0.3244218086786131
5,7,0.9765461207216635,0.6927775567855637,0.9196686624448489,0.749648977660918,0.9166284282700419,0.8147078720787208,0.688242001932732,0.23968867250221185,0.7040584829317345,0.32265992222943196
6,8,0.9725309933960538,0.6993510898863784,0.9130540891040337,0.7528367027680137,0.9107238924050637,0.8177798277982784,0.6634334142883093,0.24429385299527337,0.6757121821069901,0.3209128648736048
7,9,0.968571906910212,0.7051778808632037,0.9071669170657215,0.7557373952713929,0.9032449894514779,0.8218634686346867,0.6309490279456185,0.25156138154417035,0.6396874295471401,0.31924426325099103
8,10,0.964643260135037,0.7108433008476838,0.901817425614197,0.7583160322977232,0.8990018459915607,0.8238222632226325,0.6120958902668739,0.25446620251200897,0.6176297139207989,0.3167723695572614
9,11,0.960744791553084,0.7154672593649073,0.8970428317823363,0.7605342398196546,0.8936010021097054,0.8267066420664202,0.5874738186019248,0.2615772038389582,0.5893124184214651,0.31699660473215396
10,12,0.9570119304429242,0.7198153309563861,0.892894684107975,0.7625764908381296,0.8905300632911398,0.8277091020910214,0.5731252352586622,0.2619268122515236,0.5728410143148014,0.3132789931057002
11,13,0.9535181611418346,0.7238582799751395,0.8891431031484948,0.7645225455482354,0.8871255274261606,0.8298923739237398,0.5569158148258843,0.26867442575367706,0.5543128562718137,0.31462433868029377
12,14,0.9502510881920923,0.7271601901763924,0.8856951755886038,0.7659638186111485,0.8846347573839667,0.8300430504305047,0.5448801320159393,0.26560618515079076,0.5400726028311188,0.30842090585914783
13,15,0.9471281910471396,0.7299591329350623,0.8824718598632251,0.7671569556724737,0.8821835443037978,0.8312915129151293,0.5328151049068788,0.2690464453886891,0.525806545145277,0.3081248093297888
