,K,AUC_Train_Classification,AUC_Test_Classification,AUC_Train_Regression,AUC_Test_Regression,ACC_Train_Classification,ACC_Test_Classification,MCC_Train_Classification,MCC_Test_Classification,F1_Train_Classification,F1_Test_Classification
0,2,0.9970992045592595,0.6405211802268457,0.978149947501018,0.70949694562292,0.9867049050632906,0.7711623616236158,0.9539327305363162,0.1915374542231097,0.9619247994747198,0.3287350108025446
1,3,0.9951775803438255,0.6594550736969188,0.9679816355872493,0.7218315898478127,0.9820872890295358,0.7769188191881922,0.9374704809989146,0.19703627872794763,0.9477093438317661,0.32932553888831817
2,4,0.9938590946350851,0.6722337506798931,0.9591941020005633,0.7309201672429699,0.9765756856540083,0.7809440344403437,0.9178077119707053,0.1993497412328544,0.9304913561167844,0.3277761773453154
3,5,0.9921644077666173,0.6815189137266954,0.9511266496850862,0.7373635239034328,0.9619646624472581,0.7918757687576874,0.8648698244667044,0.21325471306877067,0.8818763393413801,0.3307069547154991
4,6,0.9903621106497077,0.6889846263570212,0.9436810138891074,0.7423322400961596,0.9465915084388185,0.8013960639606394,0.8075959707276682,0.2253543236608206,0.825429536973425,0.3312320033659147
5,7,0.9881765519268381,0.6951378379099777,0.9367593205410545,0.7465625697251554,0.936404272151899,0.8080319803198036,0.7685218431638748,0.2360974486439589,0.7848175530951678,0.33288494065860613
6,8,0.9855732434560687,0.700335839277725,0.9302825450278921,0.7498986696168594,0.9250474683544302,0.8141236162361623,0.7235411552286675,0.2442519885579657,0.7365352230363794,0.33058757268191713
7,9,0.9827819856697642,0.7045641876163933,0.9243785055918906,0.7525298316638076,0.9191231540084388,0.818530135301353,0.6993962536771544,0.2518539612862143,0.7099229630187626,0.3299389679111859
8,10,0.9798630013522621,0.7086526115688924,0.9190211862150374,0.7549285878400095,0.9111616561181437,0.8218726937269366,0.6660718627278345,0.25717930546378154,0.6725932943239761,0.32778120567087654
9,11,0.9768242775111692,0.7126249903370038,0.9140047468178526,0.7572666464384104,0.9062935126582279,0.8245018450184503,0.6451551160498427,0.26207103434627993,0.6486111877190456,0.3263803589778165
10,12,0.9737382561480158,0.7164721259314254,0.9095094366767746,0.7592983367257565,0.901112869198312,0.8261377613776143,0.6223254072820189,0.26407127262303154,0.6227383158197916,0.3234291581237983
11,13,0.9706156269533424,0.7198180917634365,0.9053894806297361,0.7611872759445585,0.8973444092827003,0.8281642066420658,0.6053568318228533,0.2684879093637786,0.6030314415082815,0.3224635622852483
12,14,0.9675336861590698,0.7231001961491941,0.9015661560765118,0.7629959473517378,0.8938225210970464,0.829326568265683,0.5891615360521291,0.27046671099986885,0.5845565018941173,0.3206615599305306
13,15,0.9645637219706445,0.7262532345825309,0.8980520068768754,0.7646612123590749,0.8911603375527427,0.8302736777367774,0.5767889340061672,0.27117242830384986,0.5697047054158549,0.3174037737869311
