,K,AUC_Train_Classification,AUC_Test_Classification,AUC_Train_Regression,AUC_Test_Regression,ACC_Train_Classification,ACC_Test_Classification,MCC_Train_Classification,MCC_Test_Classification,F1_Train_Classification,F1_Test_Classification
0,2,0.9966734139763982,0.6453625747900147,0.9778548088130323,0.7149414912473488,0.9871070675105479,0.7720079950799509,0.9553038830969173,0.19403471119955448,0.9630340426468517,0.33070084108340564
1,3,0.9949046237484828,0.6655908291095733,0.9673223732405929,0.7270667434953559,0.9822560654008431,0.7779489544895445,0.9380702583009358,0.20128932465840543,0.9482316836070876,0.33302619947644224
2,4,0.99359102022702,0.6792547393599974,0.958273124146223,0.736355475235694,0.9757845464135022,0.7823216482164824,0.9149704289635723,0.20311112533584477,0.9278728373139551,0.33054663403174833
3,5,0.9918102245348952,0.6889215456346843,0.9496882543802994,0.7429834040003496,0.9587869198312238,0.7954059040590404,0.853161966656381,0.22116905278856933,0.870832598025236,0.3353325510338533
4,6,0.9897580886953224,0.6963691657529125,0.9419243413958914,0.7479773236272789,0.9449195675105492,0.8034317343173432,0.8012030268891877,0.23147427539110776,0.8192922829244266,0.33557464094425404
5,7,0.9873338101249775,0.7023513701042576,0.9348002092875851,0.7519098746490311,0.9344066455696204,0.8100399753997546,0.7606532258048379,0.24167364637410363,0.7769518452210142,0.3363235173728149
6,8,0.9844821222816222,0.707838616279163,0.9282389325563581,0.7551216034946943,0.9242022679324896,0.8158763837638376,0.719972011755251,0.2498837654832095,0.7335019816686537,0.33429761589547724
7,9,0.9814664190439741,0.7127630824539297,0.9223029897457344,0.7579332856608053,0.9185034282700418,0.8198739237392371,0.6966347572230592,0.2569397399408095,0.7080963293479836,0.3336546702660776
8,10,0.978316486640603,0.7173166827843915,0.9169269950703045,0.7605613731409594,0.9102808544303795,0.8234378843788438,0.6620358993896623,0.26361165750114707,0.6699359994939598,0.33253930708547663
9,11,0.9751813963531434,0.7212974832384336,0.912112181354961,0.7629738122478164,0.9063436181434602,0.8255043050430505,0.6450827187264597,0.2676087237721337,0.6505915514768413,0.33153501845449745
10,12,0.972059583595099,0.7249615792105089,0.9078751371533008,0.7650316976079552,0.9004034810126578,0.827785977859778,0.6188026364407037,0.2718715842734953,0.6214532414379277,0.32972452374580824
11,13,0.9689431309806638,0.7281623253082528,0.9038986216045991,0.7669119750149775,0.8974182489451467,0.8291389913899139,0.6054119041158532,0.27488666251991944,0.6054950685364974,0.32908364044274635
12,14,0.9657977797695397,0.7310231818411088,0.9002207899964761,0.7685831985429225,0.8928454641350213,0.830452029520295,0.5842609776120887,0.2768214010693618,0.582097420606063,0.32646940969438154
13,15,0.9627443359131728,0.7336917955555716,0.8967747839016047,0.7700235434077204,0.8909638713080181,0.8312300123001226,0.5755371736212083,0.27750829145008216,0.5711680482315428,0.3239675533546781
